0 Bens Industriais
1 Comunicações
2 Consumo Cíclico
3 Consumo Não-cíclico
4 Financeiro
5 Materiais Básicos       
6 Petróleo, Gás e Biocombustíveis
7 Saúde
8 Tecnologia da Informação
9 Utilidade Pública

                                                                  total correct
-1: 1000, 1002, 1004, 1006, 1093, 1130, 1146, 258, 384, 232, 632 / 11      4
0: 34, 48, 50                                                    / 3       3
1: 1003, 1005, 1124, 903, 115                                    / 5       0
2: 1050, 1, 2, 5                                                 / 4       3
3: 13, 181, 185                                                  / 3       3
4: 53, 51, 52, 399, 469, 384, 391                                / 7       7
5: 239, 1300,                                                    / 2       2
6: 1231, 448, 92, 1415,                                          / 4       3
7: 1001, 1007, 1177, 109, 139                                    / 5       2
8: 124, 268, 288,                                                / 3       3
9: 419, 902, 668                                                 / 3       1


50

              CLASSE
     -1 0 1 2 3 4 5 6 7 8 9
P -1  4   1           2   2
R  0    3
E  1  2   0 1             
D  2        3
I  3  2   2   3       1
Ç  4  1         7   1
Ã  5  2           2
O  6                3
   7      1           2
   8      1             3
   9                      1

     11 3 5 4 3 7 2 4 5 3 3

precisao = [0.554, 0.589, 0.226, 0.683, 0.567, 0.825, 0.612, 0.640, 0.544, 0.88, 0.194]
recall = [0.39, 0.55, 0.12, 0.86, 0.916, 0.943, 0.950, 0.82, 0.43, 0.98, 0.212]
0.427 & 0.455 & 0.080 & 0.540 & 0.445 & 0.48 & 0.500 & 0.416 & 0.740 & 0.057
0.260 & 0.421 & 0.017 & 0.716 & 0.792 & 0.820 & 0.690 & 0.288 & 0.844 & 0.065
